Position,Artist,Title,MBID,AudioFeatures_low,AudioFeatures_high
1,Omi,Cheerleader (Felix Jaehn Remix),d15b0f43-ac17-4c01-95f1-687c5456093a,,
2,Lost Frequencies,Are You With Me,a88cea49-b308-49a2-abd3-421c2aef0c80,"{'lowlevel': {'average_loudness': 0.734431087971, 'barkbands': {'dmean': [0.000488979974762, 0.00790824834257, 0.00271668215282, 0.00186273513827, 0.00217027589679, 0.00132633617613, 0.00108791422099, 0.00121408270206, 0.000454897293821, 0.000433636916569, 0.000249590346357, 0.000268666422926, 0.000251024204772, 0.00020836564363, 0.000185739569133, 0.000109333697765, 0.000184679200174, 4.32321430708e-05, 3.59599544026e-05, 3.95153292629e-05, 3.44834224961e-05, 4.90384845762e-05, 6.2421313487e-05, 0.000118622876471, 8.70757285156e-05, 2.0895171474e-05, 4.413426268e-06], 'dmean2': [0.00057232513791, 0.012283991091, 0.00492660980672, 0.00308850198053, 0.00335885328241, 0.00208549760282, 0.00171020941343, 0.00188834383152, 0.000702110875864, 0.000647655688226, 0.000389530468965, 0.000424108176958, 0.000376146344934, 0.000342215003911, 0.000303034496028, 0.000173538035597, 0.000268856121693, 6.78722281009e-05, 5.60210828553e-05, 6.26994296908e-05, 5.42872985534e-05, 7.75760054239e-05, 0.000103791986476, 0.000207636825508, 0.000152335036546, 3.37647506967e-05, 7.87778208178e-06], 'dvar': [1.98361954062e-06, 0.000652314105537, 0.000138020885061, 3.42629136867e-05, 2.00195954676e-05, 8.98478720046e-06, 8.89603779797e-06, 1.66844620253e-05, 2.52699737757e-06, 1.83946076504e-06, 6.23369032837e-07, 1.04832088255e-06, 1.44161458593e-06, 1.16926844385e-06, 5.87889303461e-07, 8.86102924369e-08, 1.30705799961e-07, 1.20789787061e-08, 1.70522831411e-08, 1.59636961428e-08, 1.60197668464e-08, 2.88244468294e-08, 4.61636950888e-08, 1.81788621489e-07, 8.52665067441e-08, 4.46780701324e-09, 2.27629048943e-09], 'dvar2': [2.65037806457e-06, 0.00172346283216, 0.000398086587666, 9.29188609007e-05, 5.10739555466e-05, 2.35564039031e-05, 2.1750201995e-05, 3.81460122298e-05, 5.29818225914e-06, 3.88123226003e-06, 1.4595813127e-06, 2.52328413808e-06, 2.69750717052e-06, 2.81032657767e-06, 1.31053559471e-06, 2.11191206745e-07, 2.36718463498e-07, 2.88521757597e-08, 3.96731536512e-08, 3.81385731885e-08, 3.69744626028e-08, 6.65068995431e-08, 1.1133858635e-07, 5.07018000917e-07, 2.24429399509e-07, 1.10676721121e-08, 6.55212284428e-09], 'max': [0.0186228025705, 0.299933999777, 0.132896065712, 0.0753754973412, 0.0611805766821, 0.0483721122146, 0.044543851167, 0.0841148644686, 0.0501188188791, 0.0281266886741, 0.0135582778603, 0.0269008614123, 0.0343837067485, 0.0258760917932, 0.0151274688542, 0.00528707820922, 0.00793874729425, 0.00220925407484, 0.00285493209958, 0.00271362904459, 0.00277671264485, 0.00352641101927, 0.00362162454985, 0.00334316771477, 0.00387779809535, 0.00104906922206, 0.0013306257315], 'mean': [0.00138699810486, 0.0166932344437, 0.00235256622545, 0.00290606264025, 0.00422710413113, 0.00288968905807, 0.00160078017507, 0.00176896515768, 0.000700071861502, 0.000736054207664, 0.000337580626365, 0.000339863268891, 0.000274144753348, 0.000202220544452, 0.000180959628779, 0.000158800641657, 0.000406883802498, 6.60403675283e-05, 4.49580620625e-05, 4.66908240924e-05, 4.48491082352e-05, 5.81465828873e-05, 6.02201725997e-05, 9.48056476773e-05, 7.23824705346e-05, 1.8217782781e-05, 3.00932219943e-06], 'median': [1.52909109374e-07, 7.89577970863e-05, 0.000285072514089, 0.000805750314612, 0.00206294376403, 0.00162859482225, 0.00056235404918, 0.000193019965081, 0.000106967600004, 0.000253375503235, 6.30879221717e-05, 5.35611870873e-05, 1.5135886315e-05, 6.02000727667e-06, 1.67012858583e-05, 3.16563273373e-05, 0.000140747972182, 1.85861845239e-05, 9.87256862572e-06, 7.53371705287e-06, 4.58898239231e-06, 3.96137147618e-06, 2.36938603848e-06, 3.25645692101e-06, 2.88424757855e-06, 7.44534020214e-07, 2.41954616342e-08], 'min': [4.46033891618e-16, 6.10004064795e-16, 2.89165825006e-16, 2.58377342044e-16, 8.58223046581e-16, 9.10337436875e-16, 1.19535491802e-15, 1.41118621864e-15, 1.20323560668e-15, 2.19968781281e-15, 2.73777777453e-15, 3.59567010769e-15, 3.96815623437e-15, 5.05220678796e-15, 5.16971143357e-15, 5.72498727027e-15, 4.22821864259e-15, 2.49726488674e-15, 6.26571828073e-15, 8.12089111235e-15, 1.62374471101e-14, 1.40501369897e-14, 1.25483882318e-14, 3.00471690443e-14, 2.63988338161e-14, 4.10579874949e-14, 4.79266284862e-14], 'var': [1.07490268419e-05, 0.00121518888045, 8.59495921759e-05, 4.54102810181e-05, 3.49749643647e-05, 1.53931669047e-05, 1.1445018572e-05, 2.79973883153e-05, 5.558614248e-06, 3.09266806653e-06, 1.01795205865e-06, 1.88911667465e-06, 2.14840156332e-06, 1.36350024604e-06, 6.4481832851e-07, 1.56598247258e-07, 5.54797111363e-07, 1.7420074272e-08, 2.31423538111e-08, 2.08771382404e-08, 2.0798921696e-08, 3.54692915039e-08, 4.74172168197e-08, 1.21156759292e-07, 6.89300634349e-08, 4.007925547e-09, 1.27962895835e-09]}, 'barkbands_crest': {'dmean': 2.44929623604, 'dmean2': 3.80906915665, 'dvar': 7.29805278778, 'dvar2': 16.6974525452, 'max': 25.2615833282, 'mean': 13.7204732895, 'median': 12.9881725311, 'min': 2.46561479568, 'var': 25.0483970642}, 'barkbands_flatness_db': {'dmean': 0.0334386304021, 'dmean2': 0.0460923686624, 'dvar': 0.00124285370111, 'dvar2': 0.00266344519332, 'max': 0.695194482803, 'mean': 0.256574064493, 'median': 0.239103853703, 'min': 0.0414782911539, 'var': 0.0110843842849}, 'barkbands_kurtosis': {'dmean': 6.8488817215, 'dmean2': 9.87199401855, 'dvar': 160.547409058, 'dvar2': 321.880401611, 'max': 270.08203125, 'mean': 14.9232788086, 'median': 7.08778142929, 'min': -1.87894415855, 'var': 581.508117676}, 'barkbands_skewness': {'dmean': 0.709169328213, 'dmean2': 1.00992536545, 'dvar': 0.674949467182, 'dvar2': 1.39978146553, 'max': 13.7564792633, 'mean': 2.65886449814, 'median': 2.26899790764, 'min': -2.49816203117, 'var': 3.8808453083}, 'barkbands_spread': {'dmean': 4.67174339294, 'dmean2': 7.23409557343, 'dvar': 94.7417907715, 'dvar2': 234.122528076, 'max': 94.4817504883, 'mean': 11.3293933868, 'median': 7.43710136414, 'min': 0.371093153954, 'var': 168.938217163}, 'dissonance': {'dmean': 0.0307356677949, 'dmean2': 0.0502236783504, 'dvar': 0.000870483287144, 'dvar2': 0.00231507071294, 'max': 0.500000119209, 'mean': 0.412405580282, 'median': 0.4221816957, 'min': 0.0736667737365, 'var': 0.00317334989086}, 'dynamic_complexity': 4.00784826279, 'erbbands': {'dmean': [0.274081736803, 1.73871338367, 3.23150205612, 4.81081962585, 5.97547388077, 7.51580190659, 11.6927289963, 10.6257772446, 16.0550918579, 22.8575496674, 15.4957752228, 10.8437232971, 15.9541435242, 6.59082174301, 12.2003612518, 10.5545539856, 12.0928134918, 10.3830986023, 9.06316566467, 7.21965360641, 6.32673692703, 9.42304420471, 2.84275197983, 1.46146643162, 2.12739634514, 1.87193763256, 1.4918961525, 1.4136453867, 1.66852283478, 1.82646214962, 1.71130549908, 2.4728076458, 1.8108112812, 1.21424686909, 0.509114563465, 0.151206359267, 0.0274777356535, 0.00517997518182, 0.000863567227498, 3.9060767449e-05], 'dmean2': [0.383681535721, 2.88590693474, 5.75723314285, 8.236328125, 9.35940265656, 11.9334764481, 17.4461307526, 17.215669632, 25.2053165436, 35.2862167358, 24.4238529205, 16.9174747467, 23.688419342, 10.0501441956, 18.8983516693, 16.7317714691, 18.2742519379, 16.5911865234, 14.8808412552, 11.5528182983, 9.670835495, 13.4690160751, 4.35766363144, 2.31271672249, 3.25066518784, 2.98663115501, 2.33841204643, 2.22652602196, 2.64832139015, 2.91064667702, 2.85489749908, 4.31831550598, 3.14967608452, 2.14415860176, 0.880846619606, 0.251704871655, 0.0444970540702, 0.00889757927507, 0.00154133443721, 6.37172852294e-05], 'dvar': [0.6711409688, 40.7288856506, 194.361633301, 277.773040771, 216.52885437, 285.673980713, 599.131225586, 621.784362793, 1990.91955566, 4936.48632813, 2690.24072266, 1567.21813965, 2574.79248047, 395.152038574, 1688.94519043, 1784.14624023, 3668.55126953, 3601.42871094, 1125.85644531, 494.221862793, 175.107620239, 437.505737305, 47.7601051331, 23.8882331848, 70.7651367188, 32.859413147, 22.5936927795, 30.0991649628, 35.8649139404, 44.8840103149, 33.9468460083, 81.470413208, 38.8408126831, 18.5106620789, 2.75418663025, 0.218971371651, 0.00940677896142, 0.00156816118397, 0.000100342695077, 5.97598273089e-08], 'dvar2': [1.39643216133, 114.212860107, 552.519287109, 791.32989502, 536.481018066, 728.473815918, 1450.22668457, 1698.64282227, 4891.45947266, 10908.0390625, 6545.87060547, 3498.45507813, 5249.4296875, 939.891418457, 3806.62670898, 4295.80957031, 6986.16357422, 8007.77880859, 2596.84008789, 1101.34326172, 408.925506592, 728.85723877, 109.046226501, 58.5628242493, 155.452316284, 78.8291244507, 50.8336486816, 69.5259170532, 84.8694229126, 98.8452377319, 83.2716827393, 225.523422241, 107.281158447, 50.0704040527, 7.14856624603, 0.545304894447, 0.0236028488725, 0.00446353806183, 0.000289107469143, 1.68537354739e-07], 'max': [10.7870292664, 75.1678390503, 171.895690918, 240.703201294, 215.064743042, 211.655639648, 431.486999512, 403.598175049, 725.95324707, 1214.61071777, 969.633850098, 1382.2019043, 995.030456543, 401.604553223, 788.416625977, 1120.51086426, 1835.46533203, 1560.02587891, 511.362335205, 397.880065918, 214.629882813, 525.466430664, 131.717483521, 106.491905212, 208.002410889, 135.987915039, 99.9105911255, 129.927200317, 146.388687134, 140.878494263, 89.3576583862, 76.2377548218, 60.5275840759, 51.7149085999, 24.2727584839, 6.62896203995, 1.89328885078, 1.01781773567, 0.275886893272, 0.0065737972036], 'mean': [0.735835373402, 2.66844749451, 3.07952976227, 6.54824542999, 10.8799505234, 13.3232898712, 23.6652679443, 21.9864616394, 27.3564167023, 35.5987586975, 21.2838764191, 17.0408554077, 28.1402721405, 10.7764024734, 16.7078094482, 14.128537178, 13.5568628311, 10.8661546707, 9.14493751526, 9.33250045776, 12.274895668, 20.4796009064, 5.32774686813, 1.95710301399, 2.62267327309, 2.22226929665, 1.97305727005, 1.72045338154, 1.98471570015, 1.98322367668, 1.65516328812, 1.94943106174, 1.50102460384, 0.97481316328, 0.432023823261, 0.132125735283, 0.0238607656211, 0.00388735067099, 0.000603629508987, 5.98521437496e-05], 'median': [0.000829380471259, 0.028052629903, 0.330840021372, 2.06711602211, 3.72717571259, 5.61105108261, 12.0966720581, 13.7777452469, 10.6429891586, 5.07089996338, 3.33310055733, 3.22113656998, 10.0811309814, 2.67479276657, 3.53013014793, 2.19507098198, 0.992499411106, 0.384263396263, 0.582179546356, 1.81783413887, 4.51685857773, 6.55685043335, 1.82075107098, 0.594899892807, 0.464405953884, 0.337470412254, 0.210242167115, 0.168562084436, 0.139297366142, 0.104656085372, 0.0608434975147, 0.0604323744774, 0.0550585314631, 0.0348684489727, 0.017708061263, 0.00569812953472, 0.00089693418704, 8.92291718628e-05, 2.18833556573e-05, 2.60960168816e-05], 'min': [2.35461776216e-14, 1.17832704856e-13, 3.16996185161e-13, 6.51134040349e-13, 1.57616736503e-12, 3.20048740114e-12, 4.5987159393e-12, 8.6067819538e-12, 1.54034025118e-11, 2.10793119071e-11, 3.70481631484e-11, 2.99230501488e-11, 3.46030808174e-11, 1.01632618987e-10, 1.18744347688e-10, 1.59434618285e-10, 1.98069727286e-10, 2.38200736913e-10, 2.27171226275e-10, 3.68576086318e-10, 2.37390523905e-10, 2.65959171353e-10, 1.61176530455e-10, 2.2702684177e-10, 2.83360029885e-10, 3.84099058115e-10, 6.3097715941e-10, 6.82431833265e-10, 5.17710707637e-10, 4.42846453952e-10, 3.3704267155e-10, 5.25742449575e-10, 4.52180765054e-10, 2.06387643087e-10, 2.58580490353e-10, 1.35692498904e-10, 7.1066305618e-11, 3.06287738228e-11, 7.41853366931e-12, 7.34294244333e-13], 'var': [2.47533202171, 42.6561126709, 129.773757935, 239.32069397, 426.729614258, 460.352325439, 1158.7310791, 857.502197266, 2865.91650391, 9640.67480469, 3374.14135742, 2826.3359375, 5119.48974609, 683.924865723, 2871.81518555, 3044.59033203, 5159.49560547, 4586.82568359, 1232.36865234, 706.367614746, 414.366363525, 1889.13134766, 87.7125701904, 25.2352638245, 106.726341248, 42.9636764526, 33.4650001526, 35.669593811, 41.0412902832, 55.0947952271, 34.1455879211, 54.9178924561, 27.2844734192, 13.6236839294, 2.38869333267, 0.198678091168, 0.00807403121144, 0.000919686048292, 5.62307504879e-05, 3.8542960823e-08]}, 'erbbands_crest': {'dmean': 2.49943423271, 'dmean2': 3.83270359039, 'dvar': 6.16602134705, 'dvar2': 14.2655286789, 'max': 28.8117675781, 'mean': 10.9790124893, 'median': 10.0254268646, 'min': 2.39718341827, 'var': 21.1460914612}, 'erbbands_flatness_db': {'dmean': 0.0242569819093, 'dmean2': 0.0337297953665, 'dvar': 0.000613870506641, 'dvar2': 0.0012507585343, 'max': 0.594525098801, 'mean': 0.223559305072, 'median': 0.211971536279, 'min': 0.0501855127513, 'var': 0.0078376531601}, 'erbbands_kurtosis': {'dmean': 1.24798905849, 'dmean2': 1.88837516308, 'dvar': 3.3716802597, 'dvar2': 7.17820119858, 'max': 43.3893013, 'mean': 1.15149855614, 'median': 0.359650701284, 'min': -1.83911275864, 'var': 8.51598644257}, 'erbbands_skewness': {'dmean': 0.402065485716, 'dmean2': 0.599919915199, 'dvar': 0.178490281105, 'dvar2': 0.413805574179, 'max': 5.17018318176, 'mean': 0.829343557358, 'median': 0.81929898262, 'min': -2.48196196556, 'var': 0.631815850735}, 'erbbands_spread': {'dmean': 8.40105819702, 'dmean2': 12.5238304138, 'dvar': 164.654998779, 'dvar2': 384.26739502, 'max': 144.996063232, 'mean': 33.4675254822, 'median': 30.3376216888, 'min': 1.0497777462, 'var': 416.467529297}, 'gfcc': {'cov': [[22740.4726563, -2109.41699219, -746.526672363, 1036.12158203, -857.653686523, 1841.58068848, -634.565124512, 1008.23760986, -124.300849915, 841.82043457, -121.199867249, 311.995422363, -330.633026123], [-2109.41699219, 4025.24731445, 199.145935059, -666.748535156, 1032.86572266, -772.87878418, 546.071960449, -369.154510498, 307.566345215, -397.579162598, 311.930969238, -188.085083008, 205.016052246], [-746.526672363, 199.145935059, 1461.98046875, 175.663284302, 317.355529785, 375.499572754, 346.505462646, 307.907836914, 109.371032715, 177.352264404, 158.377716064, 174.229171753, 110.856307983], [1036.12158203, -666.748535156, 175.663284302, 849.632324219, 87.8285140991, 259.685943604, 185.235336304, 271.727264404, 62.6645927429, 152.66229248, 69.5210037231, 128.552520752, 112.002685547], [-857.653686523, 1032.86572266, 317.355529785, 87.8285140991, 838.29675293, -15.5426044464, 439.429504395, 172.565567017, 239.595458984, 34.5949554443, 218.045120239, 78.2057418823, 152.385162354], [1841.58068848, -772.87878418, 375.499572754, 259.685943604, -15.5426044464, 688.951293945, 129.124237061, 268.283966064, 20.4209308624, 284.976959229, 74.5127182007, 120.836799622, -40.2519721985], [-634.565124512, 546.071960449, 346.505462646, 185.235336304, 439.429504395, 129.124237061, 501.373840332, 140.901580811, 165.175384521, 60.4137458801, 176.179702759, 88.6901855469, 133.55380249], [1008.23760986, -369.154510498, 307.907836914, 271.727264404, 172.565567017, 268.283966064, 140.901580811, 471.042907715, 132.538299561, 127.318099976, 37.6391563416, 191.155654907, 113.454521179], [-124.300849915, 307.566345215, 109.371032715, 62.6645927429, 239.595458984, 20.4209308624, 165.175384521, 132.538299561, 214.127807617, 40.5625686646, 63.5455741882, 44.3313446045, 92.3050613403], [841.82043457, -397.579162598, 177.352264404, 152.66229248, 34.5949554443, 284.976959229, 60.4137458801, 127.318099976, 40.5625686646, 242.931564331, 71.4846725464, 49.1037483215, -15.3121156693], [-121.199867249, 311.930969238, 158.377716064, 69.5210037231, 218.045120239, 74.5127182007, 176.179702759, 37.6391563416, 63.5455741882, 71.4846725464, 178.699325562, 35.2089805603, 42.4982376099], [311.995422363, -188.085083008, 174.229171753, 128.552520752, 78.2057418823, 120.836799622, 88.6901855469, 191.155654907, 44.3313446045, 49.1037483215, 35.2089805603, 172.208557129, 83.985748291], [-330.633026123, 205.016052246, 110.856307983, 112.002685547, 152.385162354, -40.2519721985, 133.55380249, 113.454521179, 92.3050613403, -15.3121156693, 42.4982376099, 83.985748291, 151.489959717]], 'icov': [[0.000122902813018, -0.000281740300125, 0.000204729352845, -0.0002321107022, 0.000198993366212, -0.000397204508772, 0.000302771804854, -0.000340406637406, 0.000150900508743, -0.000372130598407, 0.000258229323663, -0.000292552547762, 0.000313815602567], [-0.000281740300125, 0.00168573716655, -0.000676757306792, 0.00114717078395, -0.00116446299944, 0.00125142675824, -0.00100963993464, 0.00121893384494, -0.000967382045928, 0.00208645523526, -0.00183695962187, 0.00171035528183, -0.00140067271423], [0.000204729352845, -0.000676757306792, 0.00136735732667, -0.000328126683598, 0.000381684396416, -0.00106084404979, 0.000155523535796, -0.000943429942708, 0.000723907258362, -0.00104890402872, 0.000518806860782, -0.00084125372814, 0.000282081426121], [-0.0002321107022, 0.00114717078395, -0.000328126683598, 0.00255106622353, -0.00055620202329, 0.000739197363146, -0.00129422545433, 0.000168014783412, 4.76602835988e-05, 0.000667565269396, -0.00126862782054, 0.00153873383533, -0.00239276723005], [0.000198993366212, -0.00116446299944, 0.000381684396416, -0.00055620202329, 0.00394864566624, 4.83267067466e-05, -0.00109923561104, -0.00179932813626, -0.000694331014529, -0.00132292683702, -0.000732417742256, -0.000885792600457, 0.00148554076441], [-0.000397204508772, 0.00125142675824, -0.00106084404979, 0.000739197363146, 4.83267067466e-05, 0.0058091240935, -0.00266457744874, -0.000304891145788, -0.000252646859735, -0.00171022652648, -0.0013167350553, 3.03012184304e-05, 0.00207528774627], [0.000302771804854, -0.00100963993464, 0.000155523535796, -0.00129422545433, -0.00109923561104, -0.00266457744874, 0.00655160984024, 0.000135112961289, -0.000654676638078, 9.0051398729e-05, -0.000983466161415, -0.000979810138233, -0.0013820034219], [-0.000340406637406, 0.00121893384494, -0.000943429942708, 0.000168014783412, -0.00179932813626, -0.000304891145788, 0.000135112961289, 0.00734911998734, -0.00295050954446, 0.0012163995998, 0.000768201251049, -0.00302241020836, -0.0023396674078], [0.000150900508743, -0.000967382045928, 0.000723907258362, 4.76602835988e-05, -0.000694331014529, -0.000252646859735, -0.000654676638078, -0.00295050954446, 0.0101776337251, -0.0032505504787, 0.00150913419202, 0.00165259744972, -0.00337776122615], [-0.000372130598407, 0.00208645523526, -0.00104890402872, 0.000667565269396, -0.00132292683702, -0.00171022652648, 9.0051398729e-05, 0.0012163995998, -0.0032505504787, 0.0123888393864, -0.0055048535578, 0.00235083629377, -2.071659992e-06], [0.000258229323663, -0.00183695962187, 0.000518806860782, -0.00126862782054, -0.000732417742256, -0.0013167350553, -0.000983466161415, 0.000768201251049, 0.00150913419202, -0.0055048535578, 0.0133491642773, -0.00306206871755, 0.000763236777857], [-0.000292552547762, 0.00171035528183, -0.00084125372814, 0.00153873383533, -0.000885792600457, 3.03012184304e-05, -0.000979810138233, -0.00302241020836, 0.00165259744972, 0.00235083629377, -0.00306206871755, 0.0155776310712, -0.00799531769007], [0.000313815602567, -0.00140067271423, 0.000282081426121, -0.00239276723005, 0.00148554076441, 0.00207528774627, -0.0013820034219, -0.0023396674078, -0.00337776122615, -2.071659992e-06, 0.000763236777857, -0.00799531769007, 0.0190483313054]], 'mean': [-101.624229431, 132.72869873, -100.828285217, 14.9660367966, -58.3037986755, -9.8910112381, -47.8888816833, 4.20990610123, -20.3604869843, -15.9412212372, -16.6738967896, 2.56714701653, 1.41478943825]}, 'hfc': {'dmean': 6.78871583939, 'dmean2': 10.5658931732, 'dvar': 179.306167603, 'dvar2': 433.272369385, 'max': 165.594406128, 'mean': 12.9283924103, 'median': 6.80732631683, 'min': 2.69677724596e-09, 'var': 286.337738037}, 'melbands': {'dmean': [0.00224145338871, 0.001856937306, 0.000878694525454, 0.000452700565802, 0.000408365100157, 0.000250206852797, 0.000230260979151, 0.000272882491117, 0.000107194886368, 7.21284013707e-05, 8.07743999758e-05, 2.83310528175e-05, 3.6323985114e-05, 3.25687869918e-05, 3.14253848046e-05, 2.20355814236e-05, 2.08481669688e-05, 1.40866341098e-05, 1.48468961925e-05, 9.68213043961e-06, 8.04494720796e-06, 1.23127756524e-05, 4.07932520829e-06, 1.72243312591e-06, 1.14251065497e-06, 1.45467902257e-06, 1.4690564285e-06, 1.30205546611e-06, 9.44926796365e-07, 8.70264670993e-07, 8.54123584304e-07, 9.60320335253e-07, 1.06676225187e-06, 1.07649418624e-06, 8.37313280044e-07, 1.60805916494e-06, 1.39815540479e-06, 1.28387785026e-06, 1.10024097921e-06, 1.07653545456e-06], 'dmean2': [0.00331988395192, 0.00317490845919, 0.00147425208706, 0.000711101165507, 0.000614810036495, 0.000402364734327, 0.000362259946996, 0.000421901379013, 0.000168097234564, 0.000111716624815, 0.000120171134768, 4.43047611043e-05, 5.67019742448e-05, 5.1214297855e-05, 4.69844853797e-05, 3.51539711119e-05, 3.36827215506e-05, 2.33417304116e-05, 2.40425270022e-05, 1.51415233631e-05, 1.22550090964e-05, 1.7689590095e-05, 6.29762462268e-06, 2.69312204182e-06, 1.83583131275e-06, 2.29984038924e-06, 2.30391651712e-06, 2.10916778087e-06, 1.48652679854e-06, 1.37621202612e-06, 1.35950949698e-06, 1.54135352659e-06, 1.69464578903e-06, 1.77059416728e-06, 1.36390519856e-06, 2.82838482235e-06, 2.41416023528e-06, 2.24091422751e-06, 1.90003186162e-06, 1.92971538127e-06], 'dvar': [4.74502012366e-05, 5.4920448747e-05, 8.05135732662e-06, 9.85518340713e-07, 7.31931663722e-07, 3.47119623711e-07, 3.99039379317e-07, 7.39076881473e-07, 1.22586925499e-07, 7.5717835557e-08, 6.69888606808e-08, 7.62616281236e-09, 1.46009240254e-08, 1.58038204745e-08, 1.72326277692e-08, 1.12201217206e-08, 1.55743435926e-08, 2.77153922035e-09, 4.24419965839e-09, 7.68263119788e-10, 2.75572481501e-10, 7.06353031621e-10, 1.46579817728e-10, 2.37279102616e-11, 1.54463681429e-11, 2.70032624733e-11, 4.14376796765e-11, 1.63765806471e-11, 8.0924269022e-12, 1.11476591846e-11, 1.10782494289e-11, 1.23345205577e-11, 1.37600235026e-11, 1.60206847788e-11, 8.8052265132e-12, 3.65570837491e-11, 2.41709655763e-11, 1.94460385294e-11, 1.40596622886e-11, 1.55693062609e-11], 'dvar2': [0.00011638802971, 0.000152273583808, 2.24693412747e-05, 2.57751526078e-06, 1.77701247139e-06, 9.36696949339e-07, 9.82953451967e-07, 1.63464540037e-06, 2.96799385069e-07, 1.6520893098e-07, 1.39885699468e-07, 1.87249824535e-08, 3.37415713147e-08, 3.84995075819e-08, 3.56313805128e-08, 2.48975311479e-08, 3.54863303187e-08, 6.74331479544e-09, 9.34778299211e-09, 1.73129000025e-09, 6.23794127463e-10, 1.18213083766e-09, 3.37549543872e-10, 5.93473117871e-11, 3.81477106848e-11, 5.99311988925e-11, 9.52293174872e-11, 4.03561281614e-11, 1.74118098412e-11, 2.68226257177e-11, 2.59262888935e-11, 2.99339095178e-11, 3.20258576603e-11, 3.64223685934e-11, 2.02101495261e-11, 1.02372367528e-10, 6.61139060165e-11, 5.41925393449e-11, 3.77932130036e-11, 4.2773642267e-11], 'max': [0.0808813795447, 0.0868061631918, 0.0378023907542, 0.012125111185, 0.0142347784713, 0.0100759258494, 0.00999098364264, 0.0153268892318, 0.00638104090467, 0.00941769778728, 0.00489752693102, 0.0018789593596, 0.00193534616847, 0.00372171262279, 0.00312592089176, 0.00259845936671, 0.00304697873071, 0.000875968195032, 0.00142882973887, 0.000515031104442, 0.00019014737336, 0.000682082609273, 0.000322547944961, 0.000123110905406, 8.33951999084e-05, 9.51192196226e-05, 0.000159049799549, 9.59227327257e-05, 6.36624899926e-05, 7.08604493411e-05, 8.01397036412e-05, 8.23125956231e-05, 7.51681218389e-05, 8.66270056576e-05, 6.37256671325e-05, 5.62795103178e-05, 4.62453608634e-05, 3.93380105379e-05, 4.20150681748e-05, 4.79196605738e-05], 'mean': [0.00538727175444, 0.00225333194248, 0.00130198383704, 0.000827927666251, 0.000816766405478, 0.000530232093297, 0.000379182980396, 0.000417721224949, 0.000143138560816, 0.000111233093776, 0.000139790558023, 4.31238840974e-05, 4.83941548737e-05, 4.36076152255e-05, 3.78489312425e-05, 2.18072309508e-05, 2.06470649573e-05, 1.34966503538e-05, 1.44286586874e-05, 1.35663676701e-05, 1.49102033902e-05, 2.63449983322e-05, 7.44320050217e-06, 2.50955122283e-06, 1.39087569551e-06, 1.72711679625e-06, 1.79020992164e-06, 1.45951116792e-06, 1.25122335248e-06, 1.02765773136e-06, 9.9599310488e-07, 1.05243736925e-06, 1.26994711991e-06, 1.05824960883e-06, 8.67575465691e-07, 1.2320742826e-06, 1.11727842977e-06, 1.0380472304e-06, 9.4498807357e-07, 8.21903142878e-07], 'median': [1.40876200021e-05, 0.00013091249275, 0.000489703495987, 0.000324137276039, 0.00043748493772, 0.000328604161041, 0.000138969131513, 4.64160402771e-05, 2.1729774744e-05, 1.89587881323e-05, 4.80836497445e-05, 8.34605725686e-06, 9.7350211945e-06, 8.37825609779e-06, 3.79737571166e-06, 9.98613018055e-07, 5.66682217595e-07, 7.6110518421e-07, 1.25364408632e-06, 2.65082576334e-06, 4.32915521742e-06, 8.56427595863e-06, 2.41505608756e-06, 7.0964108545e-07, 3.54256229684e-07, 2.76597489801e-07, 2.99364671719e-07, 1.93967238715e-07, 1.39854734016e-07, 8.84872761731e-08, 9.75263603209e-08, 7.20700015222e-08, 6.56739942428e-08, 5.05374586623e-08, 3.18955777345e-08, 2.99136431181e-08, 3.60288119339e-08, 3.77174025346e-08, 3.51524889197e-08, 2.46588580666e-08], 'min': [2.11270028199e-16, 1.65108519283e-16, 1.35321798365e-16, 1.73116792283e-16, 1.61369940847e-16, 1.93599690074e-16, 2.39592401205e-16, 2.40261636643e-16, 3.22468804682e-16, 1.58530090838e-16, 1.76342320216e-16, 4.0892519291e-16, 3.84703862267e-16, 4.07782492525e-16, 4.65136760979e-16, 3.57664797115e-16, 4.67083189753e-16, 3.4507542583e-16, 4.47927804348e-16, 4.79302751748e-16, 2.28412545683e-16, 2.59411569272e-16, 2.49966728394e-16, 7.07825530828e-17, 1.93163296053e-16, 2.39743226009e-16, 1.38552514375e-16, 2.89019711823e-16, 3.91181414382e-16, 3.84342523306e-16, 3.94266228967e-16, 3.3715961177e-16, 1.91158871992e-16, 2.37783774104e-16, 1.32864344027e-16, 3.00443221666e-16, 3.51092192022e-16, 3.2396064146e-16, 2.85000990474e-16, 1.43453010256e-16], 'var': [0.000124057522044, 4.50649531558e-05, 8.21357662062e-06, 1.65213032233e-06, 1.37211259243e-06, 5.06909088926e-07, 5.60465764465e-07, 1.44405714764e-06, 1.51293150452e-07, 1.37848047643e-07, 1.27846007558e-07, 1.13237943467e-08, 2.36299673162e-08, 2.82239955851e-08, 2.59520849255e-08, 1.29530457471e-08, 1.86883504227e-08, 2.69375299844e-09, 4.63725102762e-09, 1.31511379564e-09, 6.97107649383e-10, 3.11816195087e-09, 2.46278747396e-10, 2.90827101984e-11, 1.57449660948e-11, 3.99547617214e-11, 5.32484369098e-11, 2.00702232611e-11, 1.2984262103e-11, 1.29820243097e-11, 1.25561158693e-11, 1.25570248644e-11, 1.82416720618e-11, 1.79603901196e-11, 1.01484098902e-11, 2.43033145692e-11, 1.68089795555e-11, 1.32693456917e-11, 1.07011023306e-11, 1.09147829663e-11]}, 'melbands_crest': {'dmean': 2.97340559959, 'dmean2': 4.39121723175, 'dvar': 10.8821048737, 'dvar2': 20.3299999237, 'max': 36.190322876, 'mean': 17.8340263367, 'median': 15.5484809875, 'min': 1.63907909393, 'var': 58.7318229675}, 'melbands_flatness_db': {'dmean': 0.0384050831199, 'dmean2': 0.0525860972703, 'dvar': 0.00176150503103, 'dvar2': 0.00379741052166, 'max': 0.847748339176, 'mean': 0.332835912704, 'median': 0.308669567108, 'min': 0.00363823375665, 'var': 0.0168401375413}, 'melbands_kurtosis': {'dmean': 11.6613225937, 'dmean2': 16.7110881805, 'dvar': 504.99786377, 'dvar2': 1008.42382813, 'max': 575.270446777, 'mean': 28.7859134674, 'median': 13.9884214401, 'min': -1.64695203304, 'var': 2117.16552734}, 'melbands_skewness': {'dmean': 0.805174827576, 'dmean2': 1.13220512867, 'dvar': 0.917416214943, 'dvar2': 1.79742252827, 'max': 19.5279750824, 'mean': 3.52815198898, 'median': 2.95519447327, 'min': -1.21252882481, 'var': 6.13972520828}, 'melbands_spread': {'dmean': 4.55416631699, 'dmean2': 6.85284805298, 'dvar': 92.5481643677, 'dvar2': 200.983779907, 'max': 178.643249512, 'mean': 11.7979631424, 'median': 7.22409629822, 'min': 0.383993983269, 'var': 274.630462646}, 'mfcc': {'cov': [[12922.578125, -1094.87792969, -210.757446289, -470.899627686, 82.5494918823, 399.977844238, 64.4039535522, 212.019393921, 254.776123047, 268.998962402, 313.98046875, 380.912750244, 208.575744629], [-1094.87792969, 3080.40478516, -112.294830322, 169.807830811, 314.559204102, -37.9211082458, 179.55859375, 183.448654175, 87.0031814575, -31.3065910339, 67.4938812256, 92.8244400024, 84.7701034546], [-210.757446289, -112.294830322, 1170.97387695, 185.468963623, 125.678695679, 225.587844849, 303.232147217, 184.363555908, 169.620407104, 149.071670532, 101.024017334, 156.162811279, 134.66078186], [-470.899627686, 169.807830811, 185.468963623, 706.850646973, 213.522186279, 38.7983551025, 227.63269043, 244.628494263, 219.011352539, 54.9746055603, 3.88767147064, 123.030311584, 140.108551025], [82.5494918823, 314.559204102, 125.678695679, 213.522186279, 400.205169678, 117.458961487, 208.480895996, 198.863311768, 169.636688232, 141.188186646, 125.16153717, 137.502532959, 111.14289856], [399.977844238, -37.9211082458, 225.587844849, 38.7983551025, 117.458961487, 393.182769775, 263.489440918, 87.8378067017, 76.8803329468, 178.15814209, 181.317977905, 93.5656204224, 97.7855224609], [64.4039535522, 179.55859375, 303.232147217, 227.63269043, 208.480895996, 263.489440918, 452.751556396, 247.264373779, 167.017837524, 165.078552246, 165.131057739, 174.057693481, 165.232070923], [212.019393921, 183.448654175, 184.363555908, 244.628494263, 198.863311768, 87.8378067017, 247.264373779, 362.827911377, 253.761886597, 72.1463851929, 76.9105834961, 167.327362061, 157.037368774], [254.776123047, 87.0031814575, 169.620407104, 219.011352539, 169.636688232, 76.8803329468, 167.017837524, 253.761886597, 311.123565674, 98.4244537354, 78.4537887573, 145.257598877, 120.302230835], [268.998962402, -31.3065910339, 149.071670532, 54.9746055603, 141.188186646, 178.15814209, 165.078552246, 72.1463851929, 98.4244537354, 239.705947876, 157.915618896, 78.6438598633, 71.4081039429], [313.98046875, 67.4938812256, 101.024017334, 3.88767147064, 125.16153717, 181.317977905, 165.131057739, 76.9105834961, 78.4537887573, 157.915618896, 201.182479858, 94.0330123901, 66.1942367554], [380.912750244, 92.8244400024, 156.162811279, 123.030311584, 137.502532959, 93.5656204224, 174.057693481, 167.327362061, 145.257598877, 78.6438598633, 94.0330123901, 183.311187744, 125.106193542], [208.575744629, 84.7701034546, 134.66078186, 140.108551025, 111.14289856, 97.7855224609, 165.232070923, 157.037368774, 120.302230835, 71.4081039429, 66.1942367554, 125.106193542, 165.925186157]], 'icov': [[9.89366089925e-05, 3.45772714354e-05, 5.50549011678e-05, 9.13804396987e-05, 1.71250248968e-05, -0.000120232063637, 0.000129534309963, -6.61281592329e-05, -2.06775657716e-05, -4.98102526763e-05, 1.61435182235e-05, -0.000312201096676, -5.51282118977e-06], [3.45772714354e-05, 0.000396323128371, 7.28398517822e-05, 4.67502213723e-05, -0.000347535242327, 0.000153437402332, -0.000164150100318, -3.08905655402e-05, 3.47165732819e-05, 0.000356528791599, -0.000273835001281, 2.93918747047e-05, -0.000100994257082], [5.50549011678e-05, 7.28398517822e-05, 0.00114512618165, 2.7036308893e-05, 0.000135343711008, -0.000379680248443, -0.000442977208877, 3.53141731466e-05, -0.000221824462642, -0.000376256532036, 0.000599807652179, -0.000697080628015, 9.12629038794e-05], [9.13804396987e-05, 4.67502213723e-05, 2.7036308893e-05, 0.00244144932367, -0.000740951683838, 0.000246521813096, -0.000940351746976, -3.33088428306e-05, -0.00103373173624, -0.000149045939907, 0.00153042143211, 0.00011116915266, -0.00078402122017], [1.71250248968e-05, -0.000347535242327, 0.000135343711008, -0.000740951683838, 0.00485331984237, 9.35070565902e-05, 3.39207654179e-05, -0.00123224325944, -9.20685306482e-06, -0.00175514700823, -0.000834797800053, -0.0012508550426, 0.000536461826414], [-0.000120232063637, 0.000153437402332, -0.000379680248443, 0.000246521813096, 9.35070565902e-05, 0.00634039845318, -0.00296410592273, 0.00115462741815, -0.000134519475978, -0.000740775547456, -0.00320997904055, 0.00186130788643, -0.00147407362238], [0.000129534309963, -0.000164150100318, -0.000442977208877, -0.000940351746976, 3.39207654179e-05, -0.00296410592273, 0.00759657099843, -0.00339244864881, 0.00200423900969, -0.000974113761913, -0.00106976355892, -0.00196145987138, -0.000683626742102], [-6.61281592329e-05, -3.08905655402e-05, 3.53141731466e-05, -3.33088428306e-05, -0.00123224325944, 0.00115462741815, -0.00339244864881, 0.0104969386011, -0.00575170805678, 0.00238949269988, 0.000115375747555, -0.000434832792962, -0.00288938079029], [-2.06775657716e-05, 3.47165732819e-05, -0.000221824462642, -0.00103373173624, -9.20685306482e-06, -0.000134519475978, 0.00200423900969, -0.00575170805678, 0.00940120220184, -0.00237170350738, 3.19932178172e-06, -0.00264154793695, 0.000789253099356], [-4.98102526763e-05, 0.000356528791599, -0.000376256532036, -0.000149045939907, -0.00175514700823, -0.000740775547456, -0.000974113761913, 0.00238949269988, -0.00237170350738, 0.0110573386773, -0.00653726607561, 0.00233521126211, -0.00155939068645], [1.61435182235e-05, -0.000273835001281, 0.000599807652179, 0.00153042143211, -0.000834797800053, -0.00320997904055, -0.00106976355892, 0.000115375747555, 3.19932178172e-06, -0.00653726607561, 0.01570504345, -0.00483555346727, 0.0019392214017], [-0.000312201096676, 2.93918747047e-05, -0.000697080628015, 0.00011116915266, -0.0012508550426, 0.00186130788643, -0.00196145987138, -0.000434832792962, -0.00264154793695, 0.00233521126211, -0.00483555346727, 0.0174554809928, -0.00736691290513], [-5.51282118977e-06, -0.000100994257082, 9.12629038794e-05, -0.00078402122017, 0.000536461826414, -0.00147407362238, -0.000683626742102, -0.00288938079029, 0.000789253099356, -0.00155939068645, 0.0019392214017, -0.00736691290513, 0.0154778910801]], 'mean': [-741.683105469, 155.264602661, 14.1417274475, 18.0853710175, 6.59277772903, -15.4859638214, -15.4420614243, 1.75182759762, -0.58198928833, -18.7548294067, -17.9650859833, -1.72402131557, 0.190177038312]}, 'pitch_salience': {'dmean': 0.0692136734724, 'dmean2': 0.107069529593, 'dvar': 0.00657662982121, 'dvar2': 0.0161277242005, 'max': 0.936344563961, 'mean': 0.457248657942, 'median': 0.469684660435, 'min': 0.0659261867404, 'var': 0.0237234402448}, 'silence_rate_20dB': {'dmean': 0, 'dmean2': 0, 'dvar': 0, 'dvar2': 0, 'max': 1, 'mean': 1, 'median': 1, 'min': 1, 'var': 0}, 'silence_rate_30dB': {'dmean': 0.0437980592251, 'dmean2': 0.0876107662916, 'dvar': 0.041880235076, 'dvar2': 0.0836182236671, 'max': 1, 'mean': 0.92495405674, 'median': 1, 'min': 0, 'var': 0.0694169178605}, 'silence_rate_60dB': {'dmean': 0.0180541630834, 'dmean2': 0.0361143611372, 'dvar': 0.0177294481546, 'dvar2': 0.038818936795, 'max': 1, 'mean': 0.0877486243844, 'median': 0, 'min': 0, 'var': 0.0800453200936}, 'spectral_centroid': {'dmean': 168.950668335, 'dmean2': 245.839477539, 'dvar': 82658.15625, 'dvar2': 163880.4375, 'max': 11402.1630859, 'mean': 751.200805664, 'median': 592.849487305, 'min': 150.653564453, 'var': 312453.625}, 'spectral_complexity': {'dmean': 2.30658650398, 'dmean2': 3.44842004776, 'dvar': 13.5565128326, 'dvar2': 24.8488864899, 'max': 47, 'mean': 9.92980098724, 'median': 9, 'min': 0, 'var': 39.1078987122}, 'spectral_contrast_coeffs': {'dmean': [0.0457004085183, 0.0487543419003, 0.0432127118111, 0.035614926368, 0.0265936572105, 0.02077944763], 'dmean2': [0.0707114189863, 0.0779745727777, 0.0681448206306, 0.0565278865397, 0.0417151786387, 0.0328658893704], 'dvar': [0.0017265988281, 0.00194545462728, 0.00156439386774, 0.00110609538388, 0.000691767549142, 0.000368967506802], 'dvar2': [0.00374810234644, 0.00477953674272, 0.00373446336016, 0.00250311661512, 0.00144539552275, 0.00086599343922], 'max': [-0.191786929965, -0.375825941563, -0.426032304764, -0.499609619379, -0.54098880291, -0.626516520977], 'mean': [-0.511014938354, -0.628487050533, -0.724411904812, -0.77943277359, -0.76487839222, -0.806923389435], 'median': [-0.499534398317, -0.625194191933, -0.722887516022, -0.787220776081, -0.768325746059, -0.80233168602], 'min': [-0.949341058731, -0.988140463829, -0.97320920229, -0.975826263428, -0.960410177708, -0.964413225651], 'var': [0.0172148682177, 0.00713204499334, 0.00667099049315, 0.00456852698699, 0.00439997343346, 0.00219865632243]}, 'spectral_contrast_valleys': {'dmean': [0.513317286968, 0.466789245605, 0.461801081896, 0.4802736938, 0.42413854599, 0.578172147274], 'dmean2': [0.789610385895, 0.733498990536, 0.702706456184, 0.746105194092, 0.621274769306, 0.793618619442], 'dvar': [0.28529381752, 0.285458415747, 0.283470362425, 0.35916864872, 0.324154675007, 0.472249746323], 'dvar2': [0.545101642609, 0.577193677425, 0.547082006931, 0.720357060432, 0.627308309078, 0.909087836742], 'max': [-4.60443782806, -4.63966655731, -4.54072189331, -5.41591978073, -5.78755044937, -7.50795555115], 'mean': [-8.80594825745, -7.59119319916, -8.36815071106, -9.0677614212, -9.17045497894, -11.5143222809], 'median': [-8.5508108139, -7.35656356812, -8.23538589478, -8.96747112274, -8.86962795258, -11.1605167389], 'min': [-27.489522934, -27.2365245819, -27.1716880798, -27.1453819275, -27.3715629578, -27.2450199127], 'var': [4.63998270035, 2.28234887123, 2.26160860062, 2.53799915314, 2.67195677757, 3.81218504906]}, 'spectral_decrease': {'dmean': 3.72955000216e-09, 'dmean2': 5.45156675358e-09, 'dvar': 7.32438058344e-17, 'dvar2': 1.71535209717e-16, 'max': 8.17600289416e-18, 'mean': -9.67049640366e-09, 'median': -4.85232476422e-09, 'min': -1.13355923759e-07, 'var': 1.58662916192e-16}, 'spectral_energy': {'dmean': 0.0145170902833, 'dmean2': 0.0212675314397, 'dvar': 0.00107843917795, 'dvar2': 0.00251475977711, 'max': 0.431456625462, 'mean': 0.0376713462174, 'median': 0.0194228850305, 'min': 2.60782362501e-13, 'var': 0.00233946414664}, 'spectral_energyband_high': {'dmean': 0.000373674964067, 'dmean2': 0.000617038633209, 'dvar': 1.40320821629e-06, 'dvar2': 3.53165296474e-06, 'max': 0.0147285023704, 'mean': 0.000377400428988, 'median': 2.64168247668e-05, 'min': 1.89568941599e-13, 'var': 1.35253458211e-06}, 'spectral_energyband_low': {'dmean': 0.0100408326834, 'dmean2': 0.0150684677064, 'dvar': 0.000933066941798, 'dvar2': 0.0023356936872, 'max': 0.412392288446, 'mean': 0.0217697042972, 'median': 0.0014746170491, 'min': 1.24590351497e-15, 'var': 0.00184592616279}, 'spectral_energyband_middle_high': {'dmean': 0.00132648122963, 'dmean2': 0.00193666829728, 'dvar': 1.04113360067e-05, 'dvar2': 2.09941663343e-05, 'max': 0.0574738457799, 'mean': 0.00255293445662, 'median': 0.000909992784727, 'min': 4.33141715583e-14, 'var': 2.60803644778e-05}, 'spectral_energyband_middle_low': {'dmean': 0.00624934863299, 'dmean2': 0.00991481728852, 'dvar': 0.000176032583113, 'dvar2': 0.000469901453471, 'max': 0.152085781097, 'mean': 0.0145031996071, 'median': 0.00897574890405, 'min': 6.08832035893e-15, 'var': 0.000262062763795}, 'spectral_entropy': {'dmean': 0.296292752028, 'dmean2': 0.422047257423, 'dvar': 0.119368642569, 'dvar2': 0.257086068392, 'max': 9.81018161774, 'mean': 6.67412376404, 'median': 6.70447444916, 'min': 3.64306282997, 'var': 0.738981306553}, 'spectral_flux': {'dmean': 0.033704906702, 'dmean2': 0.050739094615, 'dvar': 0.00293790921569, 'dvar2': 0.00486906664446, 'max': 0.529450178146, 'mean': 0.0717229247093, 'median': 0.0486104860902, 'min': 7.08835023033e-06, 'var': 0.00613237312064}, 'spectral_kurtosis': {'dmean': 11.9430036545, 'dmean2': 20.5351238251, 'dvar': 1954.35107422, 'dvar2': 6002.23974609, 'max': 1062.27954102, 'mean': 26.2791614532, 'median': 8.20309638977, 'min': -1.21138477325, 'var': 6400.70068359}, 'spectral_rms': {'dmean': 0.000935190590099, 'dmean2': 0.00129253114574, 'dvar': 1.99517285182e-06, 'dvar2': 4.0854620238e-06, 'max': 0.0205166582018, 'mean': 0.00512165902182, 'median': 0.00435306271538, 'min': 1.59506043929e-08, 'var': 1.0521056538e-05}, 'spectral_rolloff': {'dmean': 439.010040283, 'dmean2': 764.837890625, 'dvar': 1654730.125, 'dvar2': 4211764.5, 'max': 19573.6816406, 'mean': 1003.80029297, 'median': 430.6640625, 'min': 64.599609375, 'var': 4698259.5}, 'spectral_skewness': {'dmean': 0.644654393196, 'dmean2': 1.04104971886, 'dvar': 1.05116319656, 'dvar2': 2.99804925919, 'max': 27.3255729675, 'mean': 2.93404579163, 'median': 2.30119156837, 'min': -0.0423789471388, 'var': 8.35492992401}, 'spectral_spread': {'dmean': 852